579.9589159848028 487.21801785051815 300.30771868155097 493.4207111993819 603.1570096656303 
617.0332811315732 608.2479985846581 363.68022722037506 69.97049363124664 532.7728811336666 
237.93366018064648 98.37348760095293 341.6301942381939 102.04036433033433 306.9515388274731 
353.59509694958575 524.6163582363009 594.9328618242636 546.6291816267669 384.9263176474048 
286.69092496692286 310.15317464634336 244.03754986813897 416.6075828159138 57.4878578077728 
591.7347512360573 127.53616956768641 204.05814083637233 519.1302505334676 29.34825097939442 
276.3295094722786 157.71159794018627 442.343230479771 385.1582826272627 84.50337707707861 
146.13615444690367 473.5309763196532 540.1992931025262 460.00998238778635 246.408278817408 
228.2870645641284 503.2392089296984 189.07056279306957 59.70849439950235 196.80649388842892 
475.0995778076437 146.46413384204934 560.1081169107915 316.6684538749812 511.40110313196413 
382.17134422892667 594.5157024726749 418.4583347952383 476.7030731182644 464.84195954647925 
101.75180731189293 99.69795114451802 133.0058232021299 412.55485923320157 68.72102010911807 
532.5524979036437 555.5844249129759 291.33929926358235 191.64981893720014 60.783261415369275 
419.1229231818845 311.9261059592238 160.3592540016906 191.4145278534618 47.11753432765731 
405.19762052552153 433.54079801988587 336.58372458347 467.5175678876555 206.80512674683482 
323.0046113201718 611.0433223296693 467.5730343905026 531.4224965082483 354.8685947903487 
340.7834306292018 190.85738484249063 367.10483475068537 425.65711565850154 488.243672602427 
169.4344468427742 370.22085405712687 421.2781860367954 349.5832223466728 434.1379986288459 
591.4276934214702 516.8478138088728 29.477649096930605 295.93305043772756 113.15701421579293 
325.3302208546121 548.9114022868501 141.32728789541332 429.0810566151203 412.96280465511705 
191.43461294601954 134.80160823920124 146.0274134995365 249.43440863159543 243.35308580001862 
471.2284588953061 538.811316851448 610.7859158417943 433.32002786912983 171.24669911001652 
238.4541355533128 603.0015928068509 526.7984996909045 562.5617880341043 84.25682148911062 
24.260220443969743 80.86310367002801 540.1399618442227 320.1971503763684 533.8145953399763 
514.8098822696402 248.26521671204324 66.11940929539534 445.46821929408867 602.0430165434718 
577.4279256077592 144.18531922801105 313.61784530157644 38.707150201461516 419.01359729466924 
291.05490268695434 29.830836487447225 94.53405934831613 370.7607798450528 536.2661607441744 
97.92573347058006 101.37239921035975 135.95673773345885 477.2821577804845 105.52516995172937 
84.86938657093863 409.33966790915514 531.6743737944314 160.04963482383005 194.77302853031753 
392.6761867218723 396.91098964808583 407.12090320329486 339.32367137371773 232.9829112171187 
