224.13833644146501 46.648329326458615 437.0384176486437 102.04088819245304 501.50766642351084 
354.62561692939465 356.8766872151353 104.604946704695 327.74558490122166 108.01686251135771 
26.960302782665636 214.48410898091652 99.43074252483918 446.1241943032443 368.39038566771274 
170.2841906720358 272.3573127822583 446.98721579409545 135.84162225822558 138.32522479168844 
299.7545319375071 451.50500256343634 448.5094414219107 249.85243151028 109.9654922272003 
206.80236328433526 271.6493144977214 196.74925834788425 352.10076724360255 213.6062795676084 
389.723631070638 83.01844362063581 263.18249499906733 287.3977929797263 37.171925967439726 
354.29635750333676 135.29462798564705 468.1053321359444 477.819974003491 252.66651768357318 
486.2548378889 38.10476682766555 448.9435018412103 369.0377388610269 162.32384014904403 
33.29208895329915 11.001955259149645 490.3526752315367 226.46762975377214 256.9941897508494 
469.05818667634986 63.892211484304894 110.68839718117151 431.48332390240256 156.8994229998049 
225.94153968289953 135.93959725060847 246.86111371364677 499.8754196178945 467.08332912967415 
128.1409286241509 192.0774119924019 397.46912708000326 131.3837856060618 483.8087749474857 
177.8498805545841 91.61577255989666 71.73714492410699 163.81770518542132 86.24981532312857 
311.7858130282334 408.6342295436283 218.80877413073813 506.719825353846 112.84739773617157 
464.62066906972973 74.76015731153939 43.2890867435412 446.72403907931795 71.71054377021463 
432.23572344012786 202.75166327037041 133.8630810152052 74.02083958607201 257.827238816041 
498.5736109964743 25.53052626780388 472.8926116103322 471.30580310098077 30.294503969186305 
272.9479567785762 286.7642109808466 56.99815499891674 423.1888933598861 244.2871421651913 
323.0624609864186 452.90341373148374 137.95347501253923 255.5378359541196 184.37720811235764 
196.0659358201494 285.18545911454066 406.26461884383787 456.18491403275266 427.71996109868917 
204.4179206871943 436.2681658302823 148.3870532769566 486.721507675316 192.47747932212422 
144.16675547308841 87.92872553254715 444.7833127025845 390.93033645539896 33.913573222897945 
84.76328829044787 62.028401608994855 467.38189567108685 480.2653402409199 318.4284895749912 
266.37778090190204 350.3958415891189 329.2181064783787 17.49991018989765 385.2881389441713 
402.7982567317572 474.42560161129467 129.18706483779235 483.35485237379805 43.13229057038619 
75.61600122468198 301.33816153403797 284.29623844828797 450.0291575873104 210.02243851167407 
124.11870103444272 280.8344366646934 109.26101208188842 372.84321946450007 203.62995667581473 
260.98874445310094 88.24129401646202 367.7471053504343 264.7326988881464 104.29681637149945 
47.7382389177332 253.43943045983758 105.34187322656435 326.4795478745335 125.56714240375615 
